alphaEfficiencyTest_10K_1: 0.0 9800 10000 0.0
alphaEfficiencyTest_10K_2: 0.25 9800 10000 23.5158
alphaEfficiencyTest_10K_3: 0.5 9800 10000 24.3587
alphaEfficiencyTest_100K_1: 0.0 98000 100000 0.0
alphaEfficiencyTest_100K_2: 0.25 98000 100000 29.60363
alphaEfficiencyTest_100K_3: 0.5 98000 100000 33.03008